3
1
183
1
86
1
377
1
115
1
193
1
335
1
186
1
92
1
249
1
221
1
362
1
27
1
290
1
59
1
163
1
326
1
140
1
226
1
372
1
136
1
11
1
168
1
167
1
29
1
182
1
330
1
62
1
323
1
67
1
335
1
329
1
202
1
22
1
258
1
269
1
167
1
193
1
56
1
211
1
42
1
229
1
173
1
21
1
119
1
184
1
137
1
398
1
324
1
315
1
370
1
13
1
326
1
91
1
180
1
356
1
273
1
62
1
370
1
196
1
81
1
305
1
125
1
284
1
327
1
336
1
105
1
46
1
129
1
113
1
257
1
124
1
295
1
382
1
145
1
14
1
167
1
234
1
364
1
43
1
150
1
287
1
8
1
76
1
378
1
188
1
384
1
203
1
251
1
354
1
399
1
332
1
260
1
76
1
168
1
139
1
12
1
226
1
186
1
94
1
339
3